n=4 11.287432387914054
n=3 12.642072113967556
n=2 14.695817698340365
